$ANSIBLE_VAULT;1.1;AES256
61336534346661623665333034326462643438643666393738326266313963346464623362623136
3361356639363466393165376137343032653332373663340a633731623766353166623238646237
35393465646636393065613830336338353863313530356331343164643564353964356138623862
6438663462343230330a303635356363316166343063383232623937333933613939353130666132
30373666616331656331396339643065333237383837653931306439313965363634376565366664
35666338393138373765393131323465656332313465326330373834323131653963613832643262
32626436653763396462336666613362303333653165366435363066656365363763346161306133
31343931636132643765633066316338656130623433383664333161316332303435356630383331
65653664383130363232663964643065386161623731333931646462353434613535393934306238
66636261373361356463643032303832303638333331303162393866666536333261636261636332
64373232383135393564323663613335653462333166333964353061636263363335333530653539
39333163313030396533653265376662316333343533363432393063316135663133303061616235
33363737366364363732646665623939633638356461623837393463616432303461323366313739
61306138653530386133383130656130376330323165356636353037343532363538343835383362
33383834633930396534633137366439653266643962663132656634643134356335663964346135
66396631653734336139623138646333373130383430303532326239323364366563623036613237
37343932313238383735363931306436616536336166663232326337373862643161613963643764
31343131653333653934373033343435656162313433373634653835343035663136316461653336
32666333343832366339393439623166353937373536353361636664303631333534346434333433
39373534303938383738613734366439306238316137653831623565623662386438356132313866
31393839666563613363613039633065643565336132343336366134323864306539623135623133
62363235323762356431643662336336386234336138346639636664353332323363363266323830
34343864626332393231386462646137656366653736313165323038653133633234666334366238
33336165663036363934646532646566396134353030623263643936363432383466366638623031
62393661336132616466363831643735616433636465346162333533393233396463383135626534
35626335613439656135323337383635323034636635653835653936373337343966646335383935
65343038613966626536353035666333343530316166376233373836383639316264396139663766
64393630616133643562343165336261353637383565396534633730333563383937323539303462
36636235653935366234343839623564626266316231346536316635353365383937383036633439
34666332393237616464313335383365326333363835306462616266343363396636333062623337
36656236613364646163323533613130616534343834343536646538383634663566623933333232
30346537303337333937383230353536636465643964626461343466336138346632653439356366
31343339336636373532373661333636326332373363333939353762313633626538643233623666
65333732343734623266333035393531383561613264616538373564363332656339346161356531
35333563343266393638653562363036393733316137326436386331363238303932353936323738
65626637363834383265656339353366313434316436646363316461323461386136636664656131
34323364346436323566323864643830636335636266313462306437663066646534
