$ANSIBLE_VAULT;1.1;AES256
34383763376439616265393062323136353264356637643130616539353438633533663266653366
3430336334656161363438393938366330346165333462330a396633643333316630393961636238
30316436376266656433306133303661343030396433653938626435636432396662353433343265
3030363036643765380a383662353663316561646465383330306261383332323939616432623036
35343332653637336330616430626335343735346235343631613035333035383763656565333632
34656536653330366666616661373337303664353334613366323261353936396433333263653338
62613862303365353638323066646230323666373032313038333034346136333362653934613737
32363263626232656633376635356535336261363238393831626135376238393862396332313433
36326135636530646239346632306232316162383632386161373332663565656265663062306538
31313465316130613036326666613664356465663233316365343938646133323536383365333332
64653430666334656636623936613135306338613662373462336565333462336262333166316265
66383963303766383231393038623234303438326633383162653432616233666231636533393461
34366538383232393839663865623934363836366330366339646462353331363231373338306664
30316566373030646461326666373433643264303665393437383966386166653831393238333835
31616665373631383735653539306435306139383264633961353133353337663634613065306564
66363863633439616535323234336364613334396564326561656337323439636137306131616164
37383466333662343462323565313461616662636531366137396432346239303433323430623337
37373135383861616234386535373330373831316536643833643162363963306561616233653636
62303238613034336363323039353532643332366139363238313861623233373937643663623165
34323034616432633732376366353163663561316164396232356338373263306134646365386132
30363564626533636139373737326137356538613534623533646564333261623366633033303835
61663935626463366236383461316363653838613564626537623437323733323335303539366532
65303732323233626662613438316431366362353537376635653339663434663736653166613864
33646238623634393264313830313634353563633936653939633061333563353264646362363135
36356466393461653737333633323633316330646237306439386531613231623363613030353133
37353462653839376436356461646664643334616364326464393463393032336136393030316631
37626163393434623161626533343464333431323436623534663066383065346532646262343163
38333664386634323935336332336232373165313337383666366135306462663362373134383132
65616464356638343635313339333434326230656665373435306665343636363232636635646261
33663837393366303134356163333831393737313732333361303638633539643463383330346232
31373936663666316133633765653132376665653034343637353263626133653931353636333632
65653964323663376162376532306230666638663834643832393835663135373764646466303034
31306366646562653630623034383466623338333433653438393133666664633631356136313237
3664623966613834346131623235663438323334383135393034
