$ANSIBLE_VAULT;1.1;AES256
63666431633933643036663636653537626466356531666439343165323966353339626231663163
3130323330656333623639313763643239653239623865360a346132393434613165373435356634
37373866373761633734306166633730393838663238373034396461363730663336396630633834
6339663033616231330a633965643837333234643733346261626364356534326162313663643038
62643361326331636638666434396134383163613231636430346134316265303862643164333831
39383535663632613234383463376161396432396234323432383033363438636136623933323430
66366361383163356165663536643032633366333063353939343462653439333733656233333332
61343134326363353863616563346339313863303465303563636333626233333764323638393763
62656365333465616539313936656233363938613961366263303436356434353630393830323936
63386431336536373434346165316564313464353966616238653534356164666638393564653731
62666561316363306363376334633737326561623439326565333731343334386530356239366632
32336633383232646263376337366665363231306237343134343662306565633966323762316135
61393133363236323433336535303235643530343761346533663432616665306230653633633532
61626234393361623062633239656336353362646136383434373338666563383861383538326539
30323231373162323435663066656131383535633235353266316464643032313534393233383535
62333738373566373366326161393238633333356137373533613638326166626439346139663737
3736
