$ANSIBLE_VAULT;1.1;AES256
31656164626631353432663963666631336430376262666461386238353539376535663366396639
3163343237326563666235393633386637343737666464610a653138373633666530313532363338
38306235316361366435656434356264663632663061313139643233336634633630396331643233
6561653433356261310a343137343063333139613435346363613661643238336131383466643639
37346235323733646365316236313734336361356361333338346332373337646565343364373161
65353861313566313632396663373838393862666565313738323136646639626232383131336265
62653766386436396334303938613531306264333538616364353139633236373965636361616463
64383634303264653437636138373566383233303032306362353631383233656437363633373638
62656137666238336534653232303839313535353061356136326630323663383866383839343733
32303562333132626334623130373763313337346631343536346562346338333962623433656238
65313133376163663237316664653831393837363966653339316237636639316335643932323733
37313239663465663866393336376466633737363135313030653065333634316136373936383532
38313361613861336232646462356662663932306535306132326431386235303838356337343262
63373633346238323437653465323036623138333338613766353366376539333462373636656638
64303863316436333230313534656565353631636338376263336436386430653462656430653832
61306135313161343030323338333930643734393435376361666666313966393165356539653562
39623365653939346461623239636231323839623163616337306362623465393531383034363962
61343733356461303465323765313738393766616439623261396565393531616331333932373837
33626633303234666162313034383638303531373937353664653431613634326136303263343065
62613461313538303265333464633765333830643764393434663762396261386335653861356233
37613364643364383265646336653038613761373066616665656334306164356438366131346231
6632346532336434373139666238393631306339306365386337
